Points
0.5151470739381174 0.6081140144774128 -0.2838919356378643
-0.3710765321195551 0.15073205666262612 -0.017691302466174605
-0.549686557701611 -0.017766991316099937 0.25979238622561684
0.06655925079854877 0.9296916329912976 0.19011305047597973
-0.2318028720195628 0.3554306340825539 0.11836790628735083
0.04663530599063109 0.8564296305769652 0.2552081723417494
0.6895301932983263 -0.13116528575163772 -0.29999401656960417
0.28190460957609503 -0.926426133466004 -0.13408539062631947
0.34783602133810665 -0.45450091035500706 0.2714778541434995
-0.11386635989589758 0.8993376083428882 0.21760190636082305
-0.7068446303456015 -0.3217721867839182 -0.29004587260259357
0.532976030201052 0.4425656025676761 0.29991282214199655
-0.7865073192982128 -0.07733925118991104 0.2860870356359952
-0.03719920509243234 0.5797105307309045 0.2753468003975621
0.5248287746697553 0.8141356403815184 0.13353999110952555
-0.948093908338882 0.2751698863766623 0.08663421436675922
-0.48176521865266453 -0.840368885540038 -0.13348233879476293
-0.18538293645319115 0.5088485088708625 -0.2547521149509198
0.3892504846423288 -0.7027119242227 -0.28164759512424753
0.870414802282619 0.07484796101760378 0.24465008246340858
0.10621959028035147 0.7115193853314767 0.29937180245143474
0.4428268466799876 0.23566552395136672 0.22505514216324657
-0.47288281791782816 0.01895558066412878 -0.19644374318455993
-0.2952005488320135 -0.9089314475048338 0.15695317153939273
-0.45058833975293666 -0.7838146237600817 -0.21987166658484894
0.404162493276866 0.424812148814641 -0.2776416940023557
0.0997541225581381 -0.39148295661184085 0.0487796084998947
-0.010523161031435527 0.973091854650983 -0.12405546744822894
-0.8252666107027777 0.33708517988318204 -0.23096561667200094
0.9071149710024073 0.386271419916218 0.09078833916267552
-0.18402828512379762 -0.8060543382737619 0.27188788639517525
-0.4013991918795996 0.478610866374479 -0.2903835821839068
0.5789590223018503 -0.21637758176349695 -0.2885962190649671
-0.3889524154590567 -0.3823923521842886 -0.2571227032323222
-0.638162388988279 -0.31982605529217956 -0.2996814796520024
-0.297726509217442 -0.2747639003839054 -0.055281278305018715
-0.8265994058935602 -0.4875603031176114 0.1502244998662799
-0.30622094269176253 0.7087155281924316 -0.29122146113019814
-0.025164504769966893 0.43276227599442857 0.13774678959294234
-0.5325832814881076 0.09989562499666763 0.2549415466569738
-0.20467527059349477 0.8208731302503803 -0.26207347262883773
-0.5766298125859075 0.698829841552311 -0.21807655978128668
0.49984959054537 -0.6541576590314484 0.2735045743494429
0.49392465508613087 0.25370546160816054 -0.2627814206572825
-0.5690832315739695 -0.460702680372143 -0.2982679708631012
0.13379526560358526 -0.3936394512065786 -0.09594500283700194
-0.9331380900516617 -0.26007127590393386 0.13341356766775914
0.06163771657927088 0.629533044522622 0.29231763109855335
-0.41356582175130696 0.42106829876938706 -0.27918417566327075
-0.44111156318609246 0.3405007493124017 0.26385705238147605
-0.972326549215806 -0.11496599908212665 -0.11001541984323124
-0.6554124784870893 -0.701648037368282 -0.14941678081438903
-0.16802240227102097 -0.4215229616736999 0.1713884491155834
0.34209786712565926 -0.2613583540884115 -0.13181545841054887
0.004774667102618883 0.4802712688343777 -0.20427852048235737
0.31693535145467383 0.25724186766231216 -0.06963175986860748
-0.6460851108409483 -0.14134458297310165 0.29750188525333177
0.8665575296379583 -0.08138609288261991 0.24692858907975407
0.3482610716447358 0.7687322103118193 -0.2632132819278833
-0.20000730936506095 0.5804113549409162 -0.2873808960181707
-0.041959974452764275 0.6557257730344803 0.29691202415461493
-0.5573136150019514 -0.12024871280486017 -0.2704367971416798
0.780491289827965 -0.37582682388486466 0.24971273069997296
0.3729145949938509 0.3579321473290626 -0.2376397627192696
-0.078694965060037 -0.9142742714699698 -0.206461584547962
-0.9257009467032342 0.3654522358071366 0.05329898491504272
-0.29250705570607294 0.2731148054533355 -0.010676738254183655
0.2525880294222763 0.5849859867553401 0.2933508625455142
-0.29265538192716695 -0.6562730686919959 0.2994247643610879
-0.04816261920851993 -0.47449742683117985 0.200604628692279
-0.13661273428783854 -0.4139479728329501 -0.14232190250377394
0.017522608376968465 -0.8837467524508464 -0.23700900317111845
0.21858840383023395 0.6193591513202236 -0.29687335157570593
-0.2645519843026928 0.3411770920297946 0.13427747882107083
-0.028530279146861955 -0.7549682143663216 0.2948202191186501
0.5713470962937736 0.8142480925354224 -0.05611714303517981
-0.3960173335556969 -0.4938144802406316 0.29242145737796765
0.29273781565762386 0.6200945679263586 -0.2996599704926632
-0.6275325893770102 0.4902877170273938 -0.28410555579248487
-0.4715206453690317 0.5047650652919874 -0.29985700280983274
-0.5897174675735323 -0.7770952023401384 0.11869074961152065
-0.6261793486596667 0.4743351317338239 0.2875423248171485
-0.4890431467827009 -0.1630169803970939 0.23655623004472723
0.38971607306798883 -0.09463160716770408 0.02496844284345035
0.11323621325505344 -0.6960583891569094 -0.2999547739441223
-0.9057095211421198 0.2022507458503056 0.19495732513196448
0.9498318699778614 -0.12332906165572168 0.15341617445516223
0.11128895938779895 0.9028368488802171 -0.21456576664857513
0.21267463016967306 -0.70253476119319 0.2980648067196399
-0.16187132275120522 -0.3926937563644798 -0.11931570700461097
0.6601021191769135 0.3447340856567175 -0.2966513299925832
-0.6046439358293553 -0.2396765824702584 0.2958737707462507
0.733069296212999 -0.4805066767113701 0.24257517126581174
-0.5898952866434701 0.12630955135296995 0.28397648338828013
-0.16819923390432742 0.3632799178090595 -0.014045331768583722
-0.6838570982655414 0.6092704375452205 -0.20829694521940745
-0.6512388577828426 -0.24493996310090868 -0.29997029589289165
0.3013891794003152 0.900728158748542 0.16611128935888325
-0.2635070409129532 -0.7446759731712728 0.28620598039197404
0.9598841422735134 -0.1763860762970789 -0.1176793409305864
-0.778084144179743 0.016380131276075627 0.9887057533606138
-0.09667608180598197 -0.44418245438437887 0.5055683273734934
-0.8708906881840015 0.5674277858893952 -0.1209317405153627
-0.7805376098342516 0.19872569918510496 0.7854251422294147
0.15660245721005128 -0.10235123120656531 -0.7938718273681227
0.9521685277604803 -0.462002428513127 -0.43041914141519566
0.5386761768339974 -0.5501047142142514 -0.1332199750270342
-0.8506579551956892 -0.9057524312755503 0.7934140221779928
-0.6989493618976412 0.5424141777983542 -0.1938284451124601
-0.24736342162885894 -0.6321094472019277 0.8493271829321514
-0.6542212031979919 0.06677405545236925 -0.691597447279992
0.18171105583781277 0.6692520712344912 0.18344173524173168
0.5550077514242406 -0.3360815818865026 -0.6370703342063175
-0.3683110989783567 0.29899585200492074 -0.07979087822389208
0.7823555715310597 0.5591606745475135 0.6787810978118562
0.5136354807409045 0.09935248263562957 0.5257103584083809
-0.637341883208292 0.9920319695412867 -0.4373314495416143
-0.7496489748770119 0.6705591007089076 -0.45141378009822586
-0.02105186512454038 -0.7319111061074199 -0.9691397556157897
0.13530013095528282 0.19147759450442514 -0.17374472787270911

Grades
9.0
8.0
2.0
3.0
7.0
4.0
7.0
3.0
5.0
3.0
4.0
3.0
9.0
8.0
8.0
8.0
8.0
6.0
1.0
7.0
6.0
1.0
4.0
6.0
0.0
9.0
9.0
1.0
4.0
8.0
3.0
1.0
3.0
0.0
6.0
5.0
1.0
2.0
4.0
9.0
3.0
9.0
9.0
9.0
6.0
1.0
4.0
1.0
0.0
2.0
6.0
9.0
2.0
5.0
3.0
4.0
4.0
0.0
7.0
1.0
3.0
5.0
0.0
5.0
7.0
1.0
1.0
5.0
5.0
2.0
8.0
3.0
3.0
5.0
0.0
6.0
8.0
4.0
5.0
7.0
1.0
7.0
8.0
9.0
1.0
0.0
5.0
7.0
1.0
2.0
4.0
2.0
8.0
6.0
6.0
7.0
2.0
3.0
8.0
0.0
5.0
4.0
6.0
5.0
6.0
8.0
5.0
0.0
8.0
1.0
8.0
1.0
1.0
8.0
9.0
9.0
3.0
4.0
5.0
3.0
