Points
0.03447116278550373 -0.6940866868158254 -0.6940866868158254
-0.031033038001770694 -0.6993116107806677 -0.6993116107806677
-0.03282868231276518 -0.6873383640930504 -0.6873383640930504
0.3549542416304636 -0.031619956743832604 -0.031619956743832604
-0.014695653882133708 -0.4826413567041977 -0.4826413567041977
0.42022009652774184 -0.5523397141515713 -0.5523397141515713
0.12901118152557306 -0.682839474543275 -0.682839474543275
-0.2748145257876139 -0.6396232498330576 -0.6396232498330576
0.06262689804696937 -0.6970027523123427 -0.6970027523123427
0.29500998990446914 0.4586705182856463 0.4586705182856463
-0.06648146311750064 -0.6854665321031895 -0.6854665321031895
0.33913413748393917 -0.2444487168207082 -0.2444487168207082
-0.6673948740765838 0.00022074912200367307 0.00022074912200367307
0.42575066514086485 0.5512473551159358 0.5512473551159358
-0.22972319165469107 0.27516141428111673 0.27516141428111673
0.3548412193490828 0.6030171114008747 0.6030171114008747
0.04506579908565558 0.04798817963644076 0.04798817963644076
-0.2990676750275919 -0.5297987777035389 -0.5297987777035389
0.5361246122388704 -0.44737691741179064 -0.44737691741179064
-0.6730014436075782 0.1396831245894289 0.1396831245894289
-0.1591906694241544 0.6661984365653935 0.6661984365653935
-0.2400551026650538 0.004723726574881545 0.004723726574881545
-0.07903667040808089 0.13096525964699543 0.13096525964699543
0.20046225960251463 -0.5696352598964228 -0.5696352598964228
-0.17570085460743573 0.5563285740071053 0.5563285740071053
0.6141442266402933 -0.33268866802407426 -0.33268866802407426
-0.13661783606278693 0.5941493395795345 0.5941493395795345
-0.390743170199489 -0.5709352413843863 -0.5709352413843863
0.633899644396861 0.2772934585968162 0.2772934585968162
0.022673686502050042 -0.6632813425781214 -0.6632813425781214
-0.30280873419501547 -0.20308179886810415 -0.20308179886810415
0.3504551733946226 -0.5752493017754573 -0.5752493017754573
0.05228831666515603 -0.6870544905168563 -0.6870544905168563
0.021806481153084933 -0.6769613788517888 -0.6769613788517888
0.49070185790525256 0.18427250965505187 0.18427250965505187
-0.6372980425307101 -0.1698526784527507 -0.1698526784527507
0.527400137234108 0.07972725875272975 0.07972725875272975
-0.15242122588567655 0.6487204395577816 0.6487204395577816
-0.1617789997214792 -0.6801977879883618 -0.6801977879883618
0.10134941499820845 0.4058291709116935 0.4058291709116935
0.018311882922970712 -0.6913487751851224 -0.6913487751851224
0.45665339563224916 0.1942006037433032 0.1942006037433032
-0.3798238099699467 0.5107817918111784 0.5107817918111784
0.07444134293562453 0.6839927755361576 0.6839927755361576
-0.08065471530920114 -0.07428632612446105 -0.07428632612446105
-0.46582676918032523 0.47242219561862914 0.47242219561862914
-0.3879169530861723 -0.5206607171757522 -0.5206607171757522
-0.001442467349176123 0.6493956762613387 0.6493956762613387
0.16534747163661423 0.1382662472277294 0.1382662472277294
-0.584483006971248 -0.20134560077167293 -0.20134560077167293
-0.12060861256998025 -0.6813073823030029 -0.6813073823030029
-0.6524578113651188 0.062385847700355865 0.062385847700355865
-0.3742882969066068 -0.5269163550861138 -0.5269163550861138
0.3894248762345 0.3729975100865318 0.3729975100865318
-0.6382113416763214 0.27827610300634026 0.27827610300634026
0.12954162636033834 0.6341705039997506 0.6341705039997506
-0.0381769613680699 0.6989412910455268 0.6989412910455268
-0.6294605452832226 0.3061391814652767 0.3061391814652767
-0.21129424676419606 0.6590760120369955 0.6590760120369955
0.3820020285289041 0.5820606949307097 0.5820606949307097
0.38830793695037963 -0.5612031131142422 -0.5612031131142422
0.25058653489709104 0.5630936612414242 0.5630936612414242
-0.1491123032331576 0.5152701957345482 0.5152701957345482
0.3104800971990878 -0.38632070050066264 -0.38632070050066264
0.6220305813577185 0.32100581811367623 0.32100581811367623
0.4550169782189732 -0.029355246628039865 -0.029355246628039865
0.18834425141141747 -0.6642801568732973 -0.6642801568732973
0.03770512490639058 -0.4395943293558521 -0.4395943293558521
0.0022613551293702654 0.5824930563440543 0.5824930563440543
-0.25763721785412996 -0.266687126558387 -0.266687126558387
0.10573125591234848 -0.507470106054233 -0.507470106054233
0.2137144287037303 -0.6349710164531035 -0.6349710164531035
-0.5152788044597244 0.44380580540927417 0.44380580540927417
0.030072554509335332 0.06623592810271066 0.06623592810271066
0.09211239263552957 0.6488580026511932 0.6488580026511932
0.07309350365514242 -0.6907545954249644 -0.6907545954249644
0.43808433434833355 -0.4577743856090113 -0.4577743856090113
-0.526369541273092 0.45153146737430583 0.45153146737430583
-0.08353417405996465 -0.36636702972050733 -0.36636702972050733
0.36936925995256664 0.1686604085885159 0.1686604085885159
-0.25424417404215877 0.6516327943833281 0.6516327943833281
-0.05513646626353072 -0.6947170557717579 -0.6947170557717579
0.6334778529936557 0.29782148528165747 0.29782148528165747
-0.6793508513032398 -0.15755819449657804 -0.15755819449657804
-0.6249041119834746 0.22117070372117276 0.22117070372117276
-0.20562809370980492 -0.5624110684348944 -0.5624110684348944
0.31977063763138625 0.6226793204986655 0.6226793204986655
-0.17180573747320776 -0.49700841804553536 -0.49700841804553536
-0.215739152941145 0.6538158187715224 0.6538158187715224
0.2749367121525053 0.448925056437353 0.448925056437353
0.39051153583804515 -0.5279435047960057 -0.5279435047960057
0.1356884042660222 -0.6624975403074623 -0.6624975403074623
-0.45894176383281715 -0.3485652209392235 -0.3485652209392235
0.20039957116659027 0.6613390719597176 0.6613390719597176
-0.05711115783659967 -0.6976612437040401 -0.6976612437040401
0.2546490628522602 0.6322587591612912 0.6322587591612912
0.07990314138101708 -0.6948725021207874 -0.6948725021207874
-0.1911618965465656 0.6069003829025114 0.6069003829025114
-0.24622018842108082 0.07483290108980048 0.07483290108980048
0.16178775203573562 -0.6789941940272634 -0.6789941940272634
-0.9496824392836569 0.7478554347330166 -0.7532382065800127
0.6705074057934928 0.9640783972820766 0.08253809100323362
0.8254138152811379 0.2786836326326556 0.004453715813702797
0.4045147542267842 -0.9600401204715083 -0.6918811048758533
-0.8836318565478591 -0.2565964296753731 -0.9125607553286563
0.5058745404415232 0.04818807449972806 -0.8673175635995691
-0.9296668644167874 0.7636341993944789 -0.11639667767926443
0.9656076505271005 0.3654401557475373 0.6166219968032807
0.5507298249476471 -0.2616458910271051 0.23980345351767363
0.9599204808337389 -0.9224878242949204 0.9421226449552458
-0.31346629332426024 -0.7454834678862292 -0.9323989913165072
-0.45407980946335225 0.6868203048755501 0.12766133441643412
0.1280115422265684 0.4736279434384756 -0.7705037949364919
0.7669373712369425 -0.5841829392336853 0.04094123422956608
-0.49697128360308573 0.16966923398768108 -0.7513859823311044
-0.40346301216144753 -0.8103530125156131 0.9037580110235184
0.8593831186839587 -0.6662741369089138 -0.056727638475071895
-0.41095447352183734 -0.42362413250543285 0.9810773955823391
0.4862505212291599 0.40069666142629834 -0.7763158836213038
-0.9692705942353248 0.5691296629412002 0.27452001614707777

Grades
6.0
0.0
2.0
2.0
1.0
2.0
0.0
2.0
5.0
0.0
7.0
5.0
2.0
6.0
0.0
7.0
0.0
3.0
6.0
4.0
5.0
9.0
2.0
0.0
4.0
7.0
6.0
9.0
0.0
5.0
2.0
6.0
7.0
0.0
3.0
2.0
6.0
4.0
7.0
5.0
9.0
7.0
9.0
9.0
2.0
7.0
9.0
2.0
7.0
3.0
8.0
6.0
6.0
1.0
9.0
8.0
1.0
7.0
2.0
9.0
5.0
2.0
0.0
5.0
5.0
2.0
0.0
9.0
4.0
6.0
7.0
8.0
8.0
0.0
5.0
4.0
7.0
9.0
4.0
7.0
5.0
0.0
8.0
0.0
1.0
7.0
6.0
4.0
3.0
3.0
6.0
5.0
0.0
3.0
5.0
6.0
4.0
6.0
5.0
0.0
7.0
9.0
4.0
3.0
5.0
3.0
5.0
0.0
9.0
5.0
2.0
5.0
7.0
2.0
1.0
7.0
5.0
7.0
5.0
9.0
