Points
-0.1348533448007201 -0.6727986210958651 -0.6727986210958651
-0.23906229989936642 -0.5395927567932947 -0.5395927567932947
0.041959780640885 -0.6972871418180393 -0.6972871418180393
-0.4214515674975588 0.477495821333249 0.477495821333249
0.40149463264326674 0.5687571335550953 0.5687571335550953
-0.07428364456867914 0.6918405686345218 0.6918405686345218
0.16099256633410333 0.38349890954735844 0.38349890954735844
0.13640706898817972 0.033169571234373356 0.033169571234373356
0.3400276531085656 -0.6105699851034114 -0.6105699851034114
0.11970741626182053 -0.1917972748642178 -0.1917972748642178
-0.36150764937045926 -0.533557528663918 -0.533557528663918
0.005025772155657404 0.6778414789592121 0.6778414789592121
-0.4990870651560608 -0.4745061783540886 -0.4745061783540886
-0.3536272865388621 -0.5480033698994939 -0.5480033698994939
0.3259643194795653 0.617581491130719 0.617581491130719
-0.11082687171429066 -0.3595805769358754 -0.3595805769358754
0.5958779356704491 -0.3071157661437584 -0.3071157661437584
-0.2902604263475031 -0.6101861613300418 -0.6101861613300418
-0.20707630974066193 -0.6554293161344928 -0.6554293161344928
0.2722670176439717 0.598693047079709 0.598693047079709
-0.5451499418709085 0.01570035071834234 0.01570035071834234
-0.4549182841395235 0.4855972211506934 0.4855972211506934
-0.06672034386161657 -0.5882451091143315 -0.5882451091143315
0.6885163245233604 -0.12489527800791694 -0.12489527800791694
0.13262544919724428 0.5591754574989399 0.5591754574989399
0.35925658960025414 -0.60014249617718 -0.60014249617718
0.27584234276388603 -0.62066153208825 -0.62066153208825
-0.5924826596286051 0.2491741187710836 0.2491741187710836
-0.20390637475031836 0.2659637598787379 0.2659637598787379
-0.2079826549491288 0.5880866551239908 0.5880866551239908
0.34598501612368926 0.13662997421183104 0.13662997421183104
-0.16736205035550503 0.5793174242331713 0.5793174242331713
-0.3548603105107937 -0.6032719187945651 -0.6032719187945651
-0.09729175727559272 -0.6885692492727148 -0.6885692492727148
-0.670860460155247 -0.19805338053568283 -0.19805338053568283
0.1549653575457706 0.6179755904047862 0.6179755904047862
0.01081531657127923 0.697791080099107 0.697791080099107
-0.6508783499360057 -0.2341792397510512 -0.2341792397510512
0.13524929936439278 0.39168281012544726 0.39168281012544726
-0.6693619788743415 0.05623673941260577 0.05623673941260577
0.4294964517568654 -0.4538864366943615 -0.4538864366943615
-0.07460561580663705 0.46209284693457925 0.46209284693457925
0.5989721459936994 0.1688414752553144 0.1688414752553144
0.06902153467522172 0.5737264873250095 0.5737264873250095
-0.06564256600674852 0.5565019205008568 0.5565019205008568
-0.6635969526096163 0.04502241982383262 0.04502241982383262
0.3910507332665937 -0.516592465255905 -0.516592465255905
0.00015870153897272046 0.6999998618800612 0.6999998618800612
-0.22165228936472564 0.06750303805100691 0.06750303805100691
-0.6035217325859522 0.3518612860545839 0.3518612860545839
0.5738751445895333 0.2314393301801685 0.2314393301801685
-0.14771184052504266 -0.6363468085770787 -0.6363468085770787
-0.3090383315389385 0.23607312336840763 0.23607312336840763
0.009416023307468064 0.6999366233290578 0.6999366233290578
-0.09110859437834891 -0.682908410852714 -0.682908410852714
-0.5632442052787385 0.40320081306598343 0.40320081306598343
0.17472367812897271 -0.6235202028177259 -0.6235202028177259
0.2704752906917471 0.11699633171983367 0.11699633171983367
0.4716604119572986 -0.476582954495194 -0.476582954495194
0.05489307990855431 -0.6954165176792045 -0.6954165176792045
-0.4827597763484025 0.36919665174681837 0.36919665174681837
-0.13804320595477979 0.6859259203058659 0.6859259203058659
0.1385271649632278 -0.17430214613330747 -0.17430214613330747
0.04600548361263498 0.697338793006209 0.697338793006209
-0.347075450480179 0.49391410880632236 0.49391410880632236
0.2432211438742958 -0.5919547790308648 -0.5919547790308648
0.11196121190408219 0.6150691534314243 0.6150691534314243
-0.18066913278559393 -0.6300447246400263 -0.6300447246400263
-0.1691070903771014 -0.08081319144071877 -0.08081319144071877
-0.2718932235125027 -0.49018073609388063 -0.49018073609388063
-0.33253635797905046 0.4938938107142517 0.4938938107142517
-0.5345441722907782 0.25197918142965947 0.25197918142965947
0.47546503203616014 -0.5124770150811506 -0.5124770150811506
0.6249614294607473 0.31351506570254706 0.31351506570254706
0.3761772997619024 -0.5701582106688031 -0.5701582106688031
-0.025526046125276813 0.6959614273960826 0.6959614273960826
0.05793408247726431 -0.6795330841588137 -0.6795330841588137
0.2210655936542728 -0.5646614557885439 -0.5646614557885439
0.02003086059507915 0.6750500699608116 0.6750500699608116
-0.00043805887969025577 -0.6996411663708559 -0.6996411663708559
-0.26341068973277665 -0.598009313079028 -0.598009313079028
-0.07513430410111835 0.6942917888384001 0.6942917888384001
0.6226827178640577 0.031019636046860727 0.031019636046860727
0.24920987613730775 0.588150724519295 0.588150724519295
0.10819784602318214 -0.11151702086686768 -0.11151702086686768
0.05870466120114207 0.6894888232890567 0.6894888232890567
-0.3276723250778483 0.38642413603151615 0.38642413603151615
-0.30126749522232954 0.5918346106926801 0.5918346106926801
0.1709164309089176 0.6729054848087542 0.6729054848087542
-0.30337221677320847 -0.6308449029089479 -0.6308449029089479
0.381430121076621 -0.5838190489596997 -0.5838190489596997
-0.6682089748639969 0.20439118339692175 0.20439118339692175
-0.15494693059053086 -0.6805920590547563 -0.6805920590547563
0.20716305638046448 0.6479396243724557 0.6479396243724557
0.03180043025685018 0.6987805839365626 0.6987805839365626
-0.4380778809001291 0.4003762991041643 0.4003762991041643
-0.5736970639251076 0.14628066976592774 0.14628066976592774
0.25749335655409217 -0.5799723843654433 -0.5799723843654433
-0.6984897100553448 -0.016568031352564776 -0.016568031352564776
-0.5215888238695868 0.3082432913966608 0.3082432913966608
0.18413831992497331 -0.856591594655782 0.8284143159099064
-0.4219459319528174 -0.9355484287899378 -0.7214416600295463
0.5531025433848344 -0.40888758224368704 0.5145195073664102
0.5877989428141828 0.7936346988512004 -0.035164665451106414
-0.8791434061499162 -0.20653400330270455 0.8469906486615417
-0.16115268785908032 0.5999815320683664 0.8426576754682731
0.7044979270220249 -0.04539358056230958 0.6681369210209926
0.15752073966476932 0.10678614399000375 0.08307221304001566
0.7067711006402262 -0.1778884880702738 -0.2440458542050925
-0.2930023140335165 -0.8819363426078424 -0.7269981484422166
-0.696301330447793 -0.4140870341903322 -0.7348200211493274
-0.6453723954853932 -0.5417067039891754 -0.6399570590028127
0.6637771274876445 -0.7113279552500145 0.7919423419773435
0.9057580370379041 0.5100311429725464 0.43181176217746287
0.44186578262848597 0.3965404577608176 -0.8899961942297401
0.9271741119892338 0.4649383699604681 0.3556059619702827
-0.7849097803842346 0.636367693672897 -0.37782111792967066
-0.48642223340150603 -0.5500753163073175 -0.9190882134025304
0.2090536938156442 0.10911101367483345 0.21439426433576902
-0.31752609499198714 -0.09271692534675124 -0.5673423685237782

Grades
2.0
7.0
9.0
5.0
0.0
1.0
0.0
7.0
1.0
9.0
0.0
5.0
5.0
2.0
1.0
2.0
8.0
5.0
2.0
0.0
1.0
8.0
4.0
2.0
5.0
5.0
7.0
5.0
7.0
1.0
9.0
7.0
6.0
4.0
5.0
2.0
2.0
9.0
0.0
7.0
9.0
8.0
9.0
8.0
0.0
5.0
6.0
7.0
5.0
0.0
7.0
8.0
0.0
4.0
4.0
2.0
8.0
6.0
7.0
8.0
5.0
4.0
0.0
3.0
9.0
2.0
0.0
9.0
3.0
4.0
7.0
1.0
7.0
2.0
8.0
3.0
3.0
3.0
9.0
6.0
1.0
5.0
5.0
6.0
5.0
7.0
3.0
4.0
8.0
8.0
7.0
3.0
1.0
1.0
6.0
1.0
7.0
3.0
0.0
9.0
2.0
0.0
1.0
4.0
6.0
3.0
4.0
2.0
5.0
9.0
3.0
7.0
1.0
5.0
7.0
2.0
4.0
8.0
1.0
1.0
