Points
0.7934029628354723 -0.5925340320609965 0.07588104904215456
-0.28265850271935267 -0.4129083059310507 0.2239540745664093
0.3808925248636819 0.23472704765882302 0.161859202993937
-0.4979745875031397 0.33297347760284446 0.28250179579829365
-0.3730322679156086 0.21750160639525246 -0.13444037460510683
-0.8760152055073255 -0.24012527457633145 -0.2158674337920776
0.5264082315867197 0.13697194674292462 -0.25621122337098495
-0.5004328304043841 0.6545966811266304 0.27318665201894415
0.44086582377780625 0.6779043321218167 0.2796334932762539
-0.03861573522807632 -0.6251347084891936 0.29081296295503134
0.5317022823888172 0.01894041924969821 0.24857449380275023
-0.6274858803548494 -0.6644824630674088 -0.2103145647832292
-0.166053427013638 0.696132673451913 -0.2995908051194636
0.46604991792751 0.17394355426515776 0.221301757846863
-0.41548021708642313 0.43115877272030556 0.28240368648963515
0.7655710271263857 0.09902556027576635 -0.29124450207248
-0.9136446220747028 0.34814033103525516 -0.11343832444777113
-0.4486955866258708 -0.023488935680538316 -0.16478626966434753
0.9081340111106236 0.4185422167624092 -0.005874255678750416
-0.8328971333645079 0.47870985173736835 0.1485018656539653
-0.3926329020939564 -0.8976912606406826 -0.10821896567268487
0.06839043110951706 0.6451011568247326 -0.2955841258448878
-0.7004699854148809 -0.7119291406847595 0.027359010848919774
-0.5707460392775044 0.23093969741504214 0.2879117823709405
0.7785504313658754 -0.07840137128366247 0.28843668546527557
-0.4022841293186002 0.9087925253316148 -0.06043678961229873
-0.09534858638058336 -0.4057270161777952 0.09892706865957782
0.05242856919896164 0.3969780575364842 0.01596663390857415
0.5831204848443319 0.5529470506456109 -0.28154243026140136
-0.44197404588880973 -0.11339416186235504 -0.17494215354032513
-0.4133528199525975 -0.1483708661356885 0.1482234559971498
-0.3969236917255454 0.0674027440648154 -0.039456001557436886
0.15142397785453152 0.6939802295610041 0.2998228483892644
-0.5122659083137648 0.4290877430304649 -0.2983131405344094
-0.3509307096101459 -0.24806444737406858 0.1302574149229881
-0.7776332366125769 0.4165729912496576 -0.23834727660343757
0.21780483224429684 -0.5523468645961241 0.28055053115885314
0.5426082700304071 0.17501099227582617 0.2704344235425052
0.6080372176865493 -0.1920488991130465 -0.2934483620248969
0.3015577305871208 0.29459633593801676 0.11170758753035427
0.303406560819017 -0.3875459649740852 -0.2163642585043384
0.8126901153746989 0.5369904624366045 -0.12199330668803779
0.3937257317301217 -0.4166451300567585 0.2719078825714178
0.3399351043585329 0.5008524451864514 -0.2846668024342563
0.4143372158786049 -0.853169305329133 -0.16813227330297678
0.7194508391195418 -0.6570808922630406 0.12136778186566555
0.23682706956282126 0.565775133263695 0.28721144249518754
0.19921812273366046 0.3774541431301869 -0.12394579668465706
0.8084715021133403 0.5089797864482222 0.1574746215538916
0.7675803916630894 0.053111447235452316 0.2918586367294431
0.41392505271359853 0.21429254312095844 -0.18786648873676542
-0.547240774233522 0.24801616380417874 0.28313123503244325
0.15838448658967158 -0.47066242903362915 -0.22051597743149856
0.2845018058080066 0.2826442154998939 -0.024897752706295986
-0.0893197351771565 0.46155724925356345 -0.1927571785028664
0.9620187743687428 0.1638312890669346 -0.1178819372591651
-0.36634026409126075 0.8625670826273062 0.18375442271180709
0.5062377741022838 -0.5855915817083835 -0.2907106730688084
0.4778340211250387 0.7353576772584907 0.24224294094633578
0.648285193627386 -0.10515691762613369 -0.2968672580082611
-0.8963881956530889 -0.2613519709799088 -0.1880932314622973
-0.21815921461597676 0.9438900301704128 -0.13326994588596
-0.3976012352046481 -0.25082842612554784 0.19274263174345993
0.8352621247399431 -0.4197096828501882 -0.1867538452504849
0.9200981790308387 -0.3576056320699222 0.08686573390822151
0.5770500777381115 0.2800572525740893 0.29422493816620204
-0.09327259681441609 0.9823021901995589 -0.08826861047829716
0.10074744671262216 -0.5141332194327738 0.24288424813915174
-0.45589409771596034 -0.01977006475247913 -0.1749894508814888
0.2521611699861464 -0.3272198965526401 -0.08770922748706163
-0.7912275946889592 0.016128650564153527 0.285740282422831
0.11985948312006821 0.7053059799297542 0.2996035502050116
-0.39282123560231524 -0.24183595709481434 0.18171395773733096
0.7833769424001985 0.6214519252683552 0.005951366988050803
0.8191834224910984 0.5709324828988357 -0.02984686440250704
-0.8125745668634528 0.1813677781901486 0.26911962284878743
0.43762936086423176 0.3603682553173809 -0.2688615494871648
-0.497653223101971 -0.49456193511007746 0.29999570406949694
-0.36823690898773037 0.2395982488620812 0.1484860967945413
0.8017965810931111 0.05339743171546067 0.2815540820191459
-0.691791972253768 0.6767966048948448 -0.1352224623289413
0.36101577356291353 -0.5753712940574996 -0.29928173720978407
-0.40749512811328364 -0.12667526543192087 -0.12378921308875016
0.1683044397492858 -0.4611997413665636 0.21516961374474283
0.6934567867712135 0.7095138941322439 0.06832858125879503
0.8920775843469818 -0.08238184276148557 0.22723028708911025
0.9509182723794344 0.09360386669375335 -0.1572021994635822
-0.2983136871900902 -0.432593822295038 0.2440133549795969
0.9051532263611173 0.09299918851315735 -0.21432295838698978
0.14820573653346422 -0.6015719043882789 0.2890143420732951
0.40165701216685784 -0.05201756976027136 0.05460484062727426
0.41794708140505765 -0.3521789579754109 0.2577811049867802
0.01920286539098386 -0.9449035612035352 -0.17299318924687768
-0.7556508844402108 -0.6489925883767053 0.04826405085200056
0.15689894502353213 -0.9731007344436298 0.09161620724187482
0.04467756996376724 -0.4307739760470999 -0.1369532385314436
0.6768697633015728 0.6897238823559817 0.1380102203752084
-0.8579947202974556 0.32686507835099154 -0.20594042177041808
-0.39846157341742383 0.03508192273583557 -0.0013323211069677875
0.13003107792135038 0.6606482812678928 -0.29881156662295977
0.29516258951993013 0.12206884963871811 -0.5420555389607367
-0.8899261000527128 -0.30146437551220173 0.4361639513127131
-0.9330010053629496 -0.7734519591105335 0.9653011693479103
-0.279344168784621 -0.20761980869186303 -0.1865559508170902
-0.6400045057048063 -0.4964104641503728 -0.2608799506791608
0.43503660116489606 0.5859297770944372 -0.07974581389854407
0.3016685397668726 0.9248528620935694 0.41481140468865974
0.20076782994635578 0.756552158879088 -0.40105489651797144
0.745883023847604 -0.3819727143549885 -0.4451603916037392
-0.2959725261502866 0.8181036979922356 -0.13051616672790134
-0.47344025210458396 -0.06908822089184263 0.8316619506450642
-0.28147364324334045 -0.9995587463455391 -0.07654420219478641
0.9296774102477074 -0.12213391818618224 0.7815279538034565
0.5998612306152074 0.602147175429121 0.26418629995734455
-0.11821900034905353 -0.20808472687984914 0.5821428480038351
0.5299652502074317 0.41617335452867366 0.5681631325977536
0.9001074861010461 0.9084396397404508 -0.02777541066627731
-0.29876584747000523 0.6804580693645446 0.38248032610505733
-0.45610412001111555 0.9737670024278986 0.7114673207337161
-0.05185349746850343 0.5630264540237242 0.474243162516393

Grades
9.0
5.0
3.0
5.0
8.0
6.0
1.0
2.0
9.0
6.0
3.0
4.0
1.0
7.0
0.0
5.0
1.0
7.0
0.0
7.0
2.0
1.0
3.0
9.0
3.0
8.0
7.0
6.0
3.0
3.0
5.0
6.0
4.0
4.0
5.0
5.0
7.0
2.0
8.0
2.0
2.0
7.0
1.0
5.0
0.0
5.0
3.0
1.0
2.0
0.0
0.0
6.0
7.0
7.0
8.0
2.0
6.0
4.0
7.0
2.0
8.0
4.0
4.0
7.0
7.0
0.0
9.0
2.0
2.0
5.0
6.0
0.0
4.0
3.0
7.0
8.0
1.0
9.0
0.0
5.0
1.0
7.0
8.0
4.0
5.0
0.0
5.0
6.0
6.0
5.0
4.0
2.0
6.0
1.0
1.0
7.0
6.0
3.0
6.0
3.0
5.0
5.0
8.0
5.0
5.0
6.0
6.0
5.0
2.0
3.0
5.0
1.0
3.0
0.0
7.0
4.0
8.0
1.0
8.0
7.0
