0.0 0.13651759973286537
0.0 0.16691923134389738
0.0 0.20743138925713478
0.0 0.22700362898868975
0.0 0.314358139640776
0.0 0.3445662796881778
0.0 0.359221363784367
0.3 0.40685481750431673
0.3 0.4180910742369254
0.0 0.42118897108468367
0.3 0.46797694476349216
0.3 0.4939980615933751
0.3 0.5050267821961383
0.3 0.5406723024932256
0.3 0.569411152750718
0.3 0.5779873480737967
0.3 0.6291849831954018
0.6 0.649210184049985
0.6 0.6791555577225868
0.3 0.6858212128291752
0.0 0.6924909789123785
0.6 0.7078469354946157
0.3 0.7204877225492288
0.599231083891361 0.7211889710846837
0.3 0.7219309371606217
0.6 0.7481528550102986
0.6 0.7615825188419758
0.6 0.7889628302861134
0.6 0.7918731717952674
0.6 0.798394060179803
0.7674542790794527 0.8050267821961383
0.7797391616670768 0.8074313892571348
0.6 0.8170932091628917
0.6 0.8301959075970006
0.6 0.8966481856438355
0.7765135607406557 0.9143581396407761
0.6 0.9170664494958449
0.8999999999999999 0.9445570691135092
0.9407796402648323 0.9445662796881777
0.8186872435077424 0.959221363784367
0.8999999999999999 0.9603908217056802
0.8999999999999999 0.9662572894357955
0.8999999999999999 0.9770196800649394
0.8999999999999999 0.9779283493975626
0.9160941151126748 0.9858212128291751
0.8999999999999999 0.9903257222029691
0.7341205230721253 0.9924909789123786
0.8999999999999999 1.0105796645911491
0.9405528350923 1.0204877225492288
0.9269232472325959 1.0219309371606218
0.8999999999999999 1.0277453737468023
0.8999999999999999 1.0332558353318015
0.9367553185308066 1.0341205230721253
0.9924097383863009 1.0365175997328653
0.8999999999999999 1.0691844600106493
0.8999999999999999 1.0719524552968482
1.0695671923530035 1.0797391616670766
1.0426121254698464 1.1186872435077424
1.1379627370521521 1.1406723024932257
1.175658237119688 1.1779873480737966
1.2 1.2105080363266516
1.1942189831891834 1.2160941151126747
1.2 1.2234749364230428
1.1689791537831793 1.226923247232596
1.1717899074657263 1.2405528350923
1.1306068187078366 1.2407796402648323
0.8999999999999999 1.2623072455455238
1.2 1.2631320890696576
1.2 1.303554338856798
1.3081931067619161 1.3277453737468023
1.2 1.370850247537378
1.2 1.3771796594630252
1.2 1.4051489186094557
1.2 1.416645995107291
1.3656784858519515 1.4170932091628918
1.2 1.4426768427904761
1.2 1.4675766597898918
1.442452531953059 1.4689791537831793
1.4539783094434509 1.4717899074657264
1.4605190892296034 1.475658237119688
1.4452450818414406 1.5170664494958448
1.5 1.5250147255524742
1.4158328457066454 1.5367553185308067
1.5 1.5466506073717932
1.5 1.5568734169760863
1.5 1.570969378019413
1.5 1.576763541139408
1.5 1.5873056936805994
1.5 1.5897685058751843
1.5 1.598328104773075
1.5 1.6057381028449105
1.5 1.609913241989334
1.5 1.6202896208127078
1.5 1.6231717005452078
1.5 1.631819181342962
1.5 1.6407955181903917
1.5 1.6601613690523227
1.6460150437890793 1.6669192313438974
1.6695214244029455 1.6765135607406556
1.671272851906224 1.6918731717952675
1.6726882429785008 1.693998061593375
1.6648764766088657 1.7270036289886896
1.6849305196817348 1.737962737052152
1.7049455824148685 1.742676842790476
1.7408026671933012 1.7452450818414404
1.7391482590763887 1.753978309443451
1.5 1.7575806180523776
1.6906421987939986 1.7605190892296034
1.7284173641512075 1.7675766597898916
1.773408520004992 1.7966481856438354
1.7778964353062703 1.799231083891361
1.5 1.802355050219954
1.7999999999999998 1.822519763590056
1.8077635445388138 1.8291849831954017
1.7999999999999998 1.8350029089570865
1.7999999999999998 1.8512368736814213
1.7999999999999998 1.8520185478880578
1.7999999999999998 1.8687473364802432
1.5 1.8764881037570578
1.7999999999999998 1.9201187012919665
1.7999999999999998 1.9291506426273888
1.5 1.933705113024995
1.7999999999999998 1.942607446518867
1.9116416202747177 1.9601613690523227
1.7999999999999998 1.9689815928866348
1.920270505166791 1.9695214244029455
1.7999999999999998 1.9841819960284437
1.7999999999999998 2.008944980243886
1.7999999999999998 2.009735494328387
1.9660101402394763 2.0284173641512075
1.7999999999999998 2.0356289780473364
2.0286603572638056 2.0408026671933013
1.7999999999999998 2.0459075944160032
1.9787208661682851 2.073408520004992
2.0275749571161765 2.0778964353062706
2.024323471828732 2.107763544538814
2.1 2.1091202631663415
2.1 2.1500675284771913
2.1 2.1599666543433527
2.1 2.1636820726272235
2.163508445762537 2.166257289435795
2.1 2.1688893562312863
2.0555086351074605 2.1764881037570576
2.1 2.196728695844421
2.1 2.2020832991326587
2.1 2.202647506654213
2.1 2.2170423976043754
2.214272298916245 2.2201187012919665
2.1 2.227386900592468
2.1842325214813374 2.2426121254698463
2.2246504967297662 2.2481528550102987
2.1 2.2577227969090647
2.2556423185180527 2.2656784858519514
2.2533321788509393 2.272688242978501
2.213029396866673 2.2889628302861134
2.1 2.293213499466823
2.1 2.298271593118211
2.2960159378546887 2.298394060179803
2.24926994713416 2.3051489186094556
2.1 2.3051868763631753
2.1 2.3125295220230804
2.3086713455884595 2.3275749571161763
2.2864277930598202 2.328660357263806
2.3171529251507494 2.3301959075970005
2.301882125002253 2.3306068187078366
2.292816895136554 2.3391482590763886
2.3723424499373964 2.3942189831891834
2.353488139997302 2.402355050219954
2.1 2.4108267881966086
2.4 2.4283222256283796
2.4 2.4441710915862545
2.4 2.467075214373587
2.4 2.5094280235587143
2.4 2.517207488385787
2.4 2.52545925580295
2.5148391566691557 2.531819181342962
2.419066380224675 2.533705113024995
2.4 2.5823075834827285
2.5840537404988226 2.584930519681735
2.575779605121679 2.6086713455884594
2.4 2.6117565845988735
2.595610941099104 2.6171529251507497
2.5917544615002193 2.635628978047336
2.6111738662608333 2.6723424499373962
2.6999999999999997 2.720610891362859
2.4 2.7275954416339347
2.6999999999999997 2.754517318937716
2.6999999999999997 2.7757303489179077
2.6999999999999997 2.7967350399334205
2.8237581430202563 2.8273869005924674
2.6999999999999997 2.8512879945223415
2.8732999221663738 2.891754461500219
2.4 2.8972532773182778
2.863059731167878 2.901882125002253
2.886997888151375 2.953488139997302
