0.0 0.7
0.0 0.9899494936611666
0.3 1.0
0.3 1.2899494936611666
0.3 1.2899494936611666
0.3 1.2899494936611666
0.3 1.2899494936611666
0.3 1.2899494936611666
0.6 1.5899494936611664
0.6 1.5899494936611664
0.8999999999999999 1.5999999999999999
0.0 1.7
0.0 1.7146428199482244
0.6 1.8124355652982138
0.6 1.8124355652982138
0.6 1.8124355652982138
0.8999999999999999 1.8899494936611665
1.2 1.9
1.2 1.9
1.2 1.9
1.2 1.9
0.6 2.0
0.6 2.0
0.6 2.0
0.3 2.0146428199482243
0.0 2.0999999999999996
0.8999999999999999 2.112435565298214
0.6 2.112435565298214
0.0 2.165247584249853
0.6 2.165247584249853
0.6 2.165247584249853
1.2 2.1899494936611665
1.2 2.1899494936611665
1.2 2.1899494936611665
1.2 2.1899494936611665
1.9 2.1899494936611665
1.5 2.1999999999999997
1.5 2.1999999999999997
1.5 2.1999999999999997
1.5 2.1999999999999997
0.8999999999999999 2.3
0.8999999999999999 2.3
0.8999999999999999 2.3
0.0 2.3146428199482245
0.0 2.3216373532487795
0.0 2.3216373532487795
0.0 2.3216373532487795
0.0 2.424871130596428
0.8999999999999999 2.4652475842498527
2.165247584249853 2.4652475842498527
1.5 2.4899494936611664
1.5 2.4899494936611664
1.5 2.4899494936611664
1.5 2.4899494936611664
1.5 2.4899494936611664
2.1999999999999997 2.4899494936611664
1.7999999999999998 2.5
1.7999999999999998 2.5
0.0 2.5135943621178654
2.2135943621178655 2.5135943621178654
1.2 2.5999999999999996
0.8999999999999999 2.6146428199482243
0.0 2.6999999999999997
2.165247584249853 2.6999999999999997
2.3999999999999995 2.6999999999999997
1.5 2.7124355652982137
0.0 2.7124355652982137
1.2 2.7652475842498525
1.7999999999999998 2.7899494936611666
1.7999999999999998 2.7899494936611666
1.2 2.7899494936611666
2.1 2.8
2.1 2.8
1.5 2.9
1.2 2.9146428199482246
2.7652475842498525 2.9146428199482246
2.619160170741759 2.9191601707417587
2.5798989873223332 2.9216373532487796
2.7899494936611666 3.012435565298214
2.8135943621178656 3.024871130596428
1.5 3.0652475842498528
1.5 3.0652475842498528
2.7124355652982137 3.0652475842498528
2.1 3.0899494936611664
2.1 3.0899494936611664
2.1 3.0899494936611664
2.8 3.0899494936611664
2.8 3.0899494936611664
2.4 3.0999999999999996
2.4 3.0999999999999996
2.4 3.0999999999999996
2.4 3.0999999999999996
2.4 3.0999999999999996
2.6146428199482243 3.1135943621178654
2.9999999999999996 3.1135943621178654
2.5238858928247923 3.1238858928247923
2.7652475842498525 3.179898987322333
2.879898987322333 3.179898987322333
2.8861739379323623 3.186173937932362
0.8999999999999999 3.2146428199482244
2.4899494936611664 3.2146428199482244
2.4899494936611664 3.2146428199482244
2.7652475842498525 3.2146428199482244
3.0652475842498528 3.2146428199482244
2.6146428199482243 3.2216373532487794
2.9999999999999996 3.2216373532487794
2.7652475842498525 3.3
2.1 3.312435565298214
1.7999999999999998 3.3652475842498526
2.4 3.3899494936611667
2.4 3.3899494936611667
3.0999999999999996 3.3899494936611667
2.6999999999999997 3.4
2.6999999999999997 3.4
2.6999999999999997 3.4
2.6999999999999997 3.4
2.6999999999999997 3.4
3.2146428199482244 3.5146428199482243
3.3 3.5999999999999996
3.2146428199482244 3.5999999999999996
2.1 3.665247584249853
3.0899494936611664 3.665247584249853
3.312435565298214 3.665247584249853
2.6999999999999997 3.6899494936611665
2.6999999999999997 3.6899494936611665
3.4 3.6899494936611665
3.4861739379323624 3.7861739379323622
2.4 3.8
3.2216373532487794 3.8216373532487795
3.7292856398964487 3.869313659514949
2.6999999999999997 3.912435565298214
3.6899494936611665 3.912435565298214
2.4 3.9652475842498527
3.3899494936611667 3.9652475842498527
3.612435565298214 3.9652475842498527
3.569313659514949 4.0292856398964485
3.5 4.1
2.6999999999999997 4.2652475842498525
2.6999999999999997 4.2652475842498525
4.2652475842498525 4.414642819948225
3.6899494936611665 4.8
