1.3056722499979867 1.3058901773884377
1.2838325727519009 1.3074247316639611
1.304931498634805 1.3084402306501417
1.7800251387853347 1.8135180622000706
1.8945719761050128 1.904931498634805
1.9056722499979866 1.907424731663961
1.9186804702323847 1.9198861468512611
2.080025138785335 2.1135180622000704
2.175440864453521 2.183832572751901
2.185351182784297 2.2058901773884374
2.2121114634001464 2.213345194833421
2.220115731061117 2.226162941201957
2.3247822699942007 2.3308495000021234
2.4999802871733645 2.504931498634805
2.5093511492418608 2.5121114634001462
2.5023845611672835 2.5129224744455376
2.5146757475604358 2.518389805299297
2.518680470232385 2.519886146851261
2.5023845611672835 2.53233991311707
2.6500780069354977 2.6604143593390392
2.7913496207289237 2.8022857291614787
2.7882471978686634 2.8093511492418606
2.7895984435009327 2.8093511492418606
2.8048586439712153 2.8121114634001465
2.8121114634001465 2.813345194833421
2.8191582538929065 2.820115731061117
2.8233825289757153 2.83233991311707
3.0087395804684722 3.011036075016989
3.105519058325791 3.109351149241861
3.111507415924972 3.1191582538929064
3.123271322289535 3.123382528975715
