0.5635383421233399 0.6063621871362206
0.6470618412005011 0.6555829838393001
0.7371773971997513 0.7497592064403881
0.7543327345321138 0.798999199295025
0.7446547082855459 0.814210053552165
0.8635383421233398 0.9063621871362206
0.9317329426149971 0.932085328714344
1.0408848792958867 1.049759206440388
1.0586374983850038 1.0860502982593525
1.0543327345321138 1.098999199295025
1.0982218595832902 1.114210053552165
1.2085316543437488 1.2105258367898841
1.1800332076056121 1.255419282784547
1.2470618412005012 1.2555829838393002
1.3341148989562481 1.3377826843141394
1.3446547082855458 1.3982218595832903
1.5085316543437488 1.5105258367898842
1.6299072343907872 1.634114898956248
1.6371773971997512 1.6408848792958868
1.6793187528431872 1.6860502982593524
1.7321824849624181 1.7736964287096386
1.728112988451031 1.7800332076056122
1.7670642175714915 1.7875438421332035
1.82140100914066 1.831732942614997
1.7989240958097383 1.8699067643356464
1.8880868136204765 1.8951874583804433
2.097178184738964 2.1214010091406603
2.176019605488965 2.1809321431782465
2.1821855623418998 2.1841632885885973
2.1880868136204765 2.195187458380443
2.1761035508583806 2.200763429441747
2.2064440189806644 2.2115235334704884
2.234114898956248 2.2377826843141393
2.358476697920957 2.3736964287096383
2.3670642175714915 2.3875438421332036
2.3680525954589804 2.4034657244536635
2.404653953308265 2.455419282784547
2.4119275114131598 2.4761035508583804
2.4793749014968114 2.4821855623419
2.4880868136204763 2.500763429441747
2.5075140241006313 2.5299072343907874
2.5658194338268294 2.5740098922958303
2.6680525954589807 2.7034657244536637
2.6531965213620867 2.7119275114131596
2.7441821425717348 2.7456474309612138
2.7676536979677744 2.7707268094351254
2.77147271572441 2.775089510565446
2.7460922347664773 2.779374901496811
2.7717903170272558 2.7862577251150675
2.865049814502356 2.8793187528431874
2.9315810443710526 2.9531965213620865
2.9605605261665007 2.998924095809738
3.0381447100949477 3.0460922347664776
3.0698397756893616 3.0699067643356464
3.075873846827573 3.0841632885885972
3.37147271572441 3.3750895105654455
