2.3146428199482245 2.6999999999999997
2.4652475842498527 2.879898987322333
2.7652475842498525 2.9146428199482246
2.7652475842498525 2.9146428199482246
2.9999999999999996 3.1135943621178654
2.7652475842498525 3.179898987322333
3.1304951684997055 3.207802986469088
2.8861739379323623 3.207802986469088
3.0652475842498528 3.2146428199482244
3.179898987322333 3.3
3.1135943621178654 3.324871130596428
3.1238858928247923 3.423885892824792
3.1135943621178654 3.423885892824792
3.207802986469088 3.429285639896449
3.0999999999999996 3.4304951684997054
3.2146428199482244 3.479898987322333
3.024871130596428 3.4861739379323624
3.219160170741759 3.4861739379323624
2.9191601707417587 3.5078029864690876
3.219160170741759 3.519160170741759
2.9999999999999996 3.519160170741759
3.1135943621178654 3.569848480983499
3.479898987322333 3.5999999999999996
3.2146428199482244 3.5999999999999996
3.479898987322333 3.5999999999999996
3.479898987322333 3.7135943621178655
3.4135943621178653 3.7135943621178655
3.2146428199482244 3.7135943621178655
3.5999999999999996 3.7135943621178655
3.2146428199482244 3.7135943621178655
3.179898987322333 3.7135943621178655
3.5999999999999996 3.7135943621178655
3.5832910318764006 3.7292856398964487
3.5832910318764006 3.7292856398964487
3.5146428199482243 3.779898987322333
3.569848480983499 3.807802986469088
3.665247584249853 3.8146428199482245
3.665247584249853 3.8146428199482245
3.723885892824792 3.8191601707417586
3.723885892824792 3.8191601707417586
3.807802986469088 3.883291031876401
3.779898987322333 3.8999999999999995
3.8999999999999995 4.013594362117866
3.8999999999999995 4.013594362117866
3.5999999999999996 4.023885892824792
3.7135943621178655 4.023885892824792
3.7135943621178655 4.023885892824792
3.883291031876401 4.0292856398964485
3.807802986469088 4.107802986469088
3.6999999999999997 4.107802986469088
3.9512292604784713 4.107802986469088
3.9652475842498527 4.114642819948225
3.9652475842498527 4.114642819948225
3.9652475842498527 4.114642819948225
3.9652475842498527 4.114642819948225
3.9652475842498527 4.114642819948225
3.9652475842498527 4.114642819948225
3.9652475842498527 4.114642819948225
3.9652475842498527 4.114642819948225
3.9652475842498527 4.114642819948225
3.8191601707417586 4.119160170741758
3.8191601707417586 4.119160170741758
3.924871130596428 4.119160170741758
4.023885892824792 4.119160170741758
3.8191601707417586 4.169848480983499
3.665247584249853 4.199999999999999
3.8146428199482245 4.199999999999999
4.1 4.2652475842498525
4.1 4.2652475842498525
4.114642819948225 4.379898987322333
4.114642819948225 4.379898987322333
4.119160170741758 4.386173937932362
4.2652475842498525 4.414642819948225
4.224871130596428 4.419160170741759
4.119160170741758 4.469848480983499
3.9652475842498527 4.5
4.379898987322333 4.5
4.313594362117866 4.524871130596428
3.924871130596428 4.551229260478471
4.5 4.613594362117865
4.5 4.613594362117865
4.414642819948225 4.679898987322333
4.623885892824792 4.719160170741759
4.379898987322333 4.721637353248779
3.9652475842498527 4.721637353248779
4.414642819948225 4.8
4.5 4.824871130596428
4.537306695894642 4.859797974644667
4.8 4.913594362117865
4.8 4.913594362117865
4.5 4.923885892824792
4.386173937932362 5.0
4.923885892824792 5.019160170741759
4.923885892824792 5.019160170741759
4.913594362117865 5.02163735324878
5.137306695894642 5.459797974644666
5.286173937932363 5.9
