0.0 0.019757718575097654
0.0 0.09518994807541939
0.0 0.11337905223398313
0.0 0.13717739719975128
0.0 0.21540015722479872
0.0 0.23586392826598473
0.0 0.31347959923458835
0.3 0.3419821862491934
0.0 0.3470618412005012
0.3 0.36673528673743433
0.0 0.36996008750871046
0.3 0.39373488397700707
0.3716345402446073 0.3951899480754194
0.3 0.40442886096693115
0.3 0.4100376253911029
0.3 0.41157088055310265
0.3 0.4119903340480968
0.37416144676732693 0.41337905223398314
0.3 0.4253744380290131
0.3 0.43411489895624805
0.0 0.49899919929502506
0.0 0.5130243587542956
0.3 0.5281129884510309
0.4586374983850037 0.5358639282659847
0.3 0.5975473260802553
0.3 0.6110208236289715
0.560000681686476 0.6134795992345883
0.6 0.6153276788986013
0.6 0.6160424902917851
0.6 0.6302400915032441
0.6 0.644182142571735
0.5459124693353608 0.6470618412005011
0.3 0.6533481992208316
0.6 0.6581201247762853
0.6 0.6598598252305787
0.534021897428789 0.6699600875087104
0.6 0.6702255686480504
0.6470631527754533 0.6741614467673269
0.6802415683573824 0.693734883977007
0.6 0.698763355826719
0.6691820871087945 0.7115708805531027
0.6876610324669932 0.725374438029013
0.7082543299757179 0.7371773971997513
0.3 0.7833383759915461
0.7252874990942328 0.798999199295025
0.6403338594213271 0.8130243587542956
0.6 0.8384454893471782
0.6 0.8458752483643234
0.8514094621763144 0.860000681686476
0.6 0.897178184738964
0.8774559647017537 0.9110208236289714
0.8999999999999999 0.9155086199618295
0.8999999999999999 0.9246371857560353
0.8999999999999999 0.9255033537270748
0.8999999999999999 0.9296640721926888
0.867114848533906 0.9403338594213271
0.6 0.9517352791698366
0.8764882792586381 0.9533481992208317
0.9343732529202348 0.9598598252305787
0.9652328510820672 0.9702255686480504
0.8999999999999999 0.9785084015119832
0.6 0.9880868136204765
0.8999999999999999 1.0047559169432827
0.9936189360660157 1.0082543299757178
0.8531965213620867 1.025287499094233
0.8999999999999999 1.0351157728392903
0.8999999999999999 1.0377597741266658
1.0494103713572045 1.0586374983850038
1.1056999593456012 1.134021897428789
0.8999999999999999 1.1343894411771445
1.1165039689497491 1.1459124693353608
1.0560092784031276 1.1764882792586382
0.8999999999999999 1.1859451580671578
1.2 1.202338956869899
1.2 1.2070807927845544
1.224773993723467 1.2255033537270748
1.2 1.2305788514983873
1.2 1.2450141246826718
1.2 1.2654047118002694
1.2 1.2760196054889648
1.2 1.295254204086185
1.3085261229965528 1.3341148989562481
1.304383368122442 1.3351157728392904
1.3261658085966601 1.3377597741266656
1.404184302060581 1.416503968949749
1.3715430986213994 1.4458752483643234
1.2 1.4958663769326095
1.5 1.5024985766911998
1.5 1.51696279322857
1.5 1.5201606318837704
1.5 1.5223283500339577
1.5 1.5406518939698506
1.5 1.5439431243058408
1.5448082321462255 1.5450141246826719
1.5 1.5571914188014087
1.5 1.563770462680097
1.5 1.5656800398404105
1.5 1.5656817571206152
1.5 1.5772264533717046
1.5758741817395325 1.5802415683573823
1.5656296544589268 1.587661032466993
1.5 1.5921726896441422
1.5691035001724623 1.6047559169432828
1.6019483849444247 1.6100376253911028
1.5878472440935572 1.6119903340480968
1.5 1.6126591656343172
1.2 1.6161754426420538
1.5 1.6513626071425416
1.5 1.6610806085829162
1.5 1.6806993284416865
1.5575473174671668 1.6833383759915461
1.6410303338972823 1.7041843020605811
1.6578000551771246 1.7056999593456013
1.2 1.7140087880134849
1.6658194338268297 1.7154001572247988
1.7075992651536247 1.728112988451031
1.6964787628143674 1.7343894411771443
1.6777339392755513 1.767114848533906
1.7324877324113312 1.7859451580671577
1.7999999999999998 1.8100454527462455
1.7999999999999998 1.819220232130571
1.8147222037657973 1.8246371857560353
1.7999999999999998 1.8454513877155967
1.7999999999999998 1.8457350159228
1.8661022425493556 1.8667352867374343
1.8547198795466882 1.8758741817395326
1.7999999999999998 1.8807920946618937
1.7999999999999998 1.8856523240994092
1.7796607565584217 1.8880868136204765
1.882865999879924 1.898763355826719
1.8655953271873533 1.904383368122442
2.0512914667210764 2.051409462176314
2.060823096206954 2.097178184738964
2.1 2.106480427627211
2.1 2.1118072625390893
2.1 2.1118123305575365
2.1 2.1224062920753526
2.1184184375744004 2.124773993723467
2.1 2.1297300831786328
2.1 2.13563297250124
2.1 2.1364558088650205
2.1 2.154045100712277
2.1 2.1592302909966623
2.1 2.1639857457651646
2.1 2.164322735262484
2.1460269706315467 2.165232851082067
2.16028878643814 2.176019605488965
2.1 2.1793184596023707
2.166890790195807 2.1856523240994092
2.1 2.1876710944390214
2.1 2.188772202857993
2.1825668759911885 2.1936189360660157
2.174700029983091 2.204428860966931
2.207514024100631 2.208526122996553
2.1 2.2168801261137188
2.1993964072070744 2.241030333897282
2.2473984847413466 2.2494103713572042
2.211490454399487 2.2578000551771247
2.24458716493083 2.3075992651536246
2.2615913307918767 2.332487732411331
1.7999999999999998 2.3539680396024325
2.340708281656048 2.360823096206954
2.3013255088977633 2.3796607565584216
2.4 2.41401450239282
2.4 2.4158672355038284
2.4 2.4224162500243387
2.4 2.4247614695765596
2.4 2.435420319790126
2.4 2.43719108751045
2.4389569353779588 2.445451387715597
2.4452113450840653 2.4457350159228
2.4 2.4467950019922675
2.4507789474233657 2.4571914188014086
2.4 2.457231816657326
2.4540398059015174 2.466890790195807
2.4802454533959097 2.4825668759911883
2.4 2.4936705742293195
2.4740385917069836 2.495254204086185
2.4957946647488845 2.5075140241006313
2.4 2.5271127477531308
2.4987836056657584 2.5560092784031276
2.562596351971069 2.5658194338268294
2.613587019503213 2.614008788013485
2.4 2.6174475553183223
2.6374968444803417 2.6512914667210765
2.588958836882336 2.6531965213620867
2.6999999999999997 2.709240760934549
2.6999999999999997 2.7101773845875505
2.6999999999999997 2.7108609823523984
2.6999999999999997 2.721760229316464
2.6999999999999997 2.723898779511784
2.1 2.7328694088970993
2.6999999999999997 2.737093814260222
2.6999999999999997 2.738400855030669
2.7297698376382784 2.7389569353779586
2.7311959299116872 2.7441821425717348
2.6999999999999997 2.7563170706820683
2.6999999999999997 2.756432075850542
2.754541308049433 2.7643227352624837
2.6999999999999997 2.7644108124255142
2.7660330463674545 2.769182087108794
2.6999999999999997 2.7978288178692434
2.7661798792051164 2.8019483849444247
2.8862132332890074 2.8889588368823365
2.83744248205184 2.9013255088977634
2.873950119083526 2.937496844480342
2.879939012569867 2.940708281656048
