0.6754408644535208 0.6954111560788563
0.6790218307883717 0.7209604586171858
0.7510676364200519 0.7696132750586582
0.690432949557142 0.7804787353980948
0.9007680345932831 0.9339132726938711
0.9152481378747819 0.9754408644535209
0.9858212128291751 0.990432949557142
0.9754408644535209 0.9954111560788563
0.9790218307883718 1.0209604586171859
1.013345194833421 1.0302895840881825
0.9423452191320076 1.0327668078357024
0.9754409018209751 1.0545746001014982
1.065175591947176 1.0804787353980947
0.9821778244840786 1.135633633968854
1.1559042272380018 1.2078533462372585
1.1123011305035162 1.2179084821804889
1.1498992647997142 1.275440864453521
1.2405528350923 1.275440901820975
1.2160941151126747 1.285821212829175
1.272251809800491 1.313345194833421
1.3294149574960727 1.3302895840881823
1.3261629412019569 1.365175591947176
1.3640260763850651 1.3696132750586583
1.361724076881057 1.4123011305035162
1.2821778244840787 1.435633633968854
1.4663774723401348 1.517908482180489
1.5060671129904413 1.5329764432397084
1.5207031071698915 1.5423452191320075
1.5096316954961404 1.5487125384456593
1.5282245025634489 1.572251809800491
1.620115731061117 1.6261629412019567
1.6121114634001463 1.6294149574960728
1.6206368686675625 1.6327668078357025
1.6077847965842897 1.6351341641985635
1.5423452191320075 1.654574600101498
1.5882371347000308 1.661724076881057
1.693998061593375 1.6956652409228947
1.5961004320555419 1.7017659405472307
1.7291162239239226 1.742054039876774
1.753978309443451 1.7688141208576016
1.7988118994897362 1.800768034593283
1.7452450818414404 1.8096316954961402
1.7270036289886896 1.8152481378747818
1.8305568317576768 1.8339132726938712
1.7945621850557634 1.8405528350923
1.8207031071698916 1.8423452191320075
1.8425189841425604 1.8754408644535208
1.8860813881320968 1.8882371347000309
1.885082409032003 1.889947480243357
1.799231083891361 1.896100432055542
1.8291849831954017 1.8970901497770731
1.9019854388570239 1.9022857291614788
1.824844705477298 1.9185435654926801
1.9100292913441885 1.9206368686675623
1.9077847965842898 1.9351341641985633
1.8875831041556073 1.9374348109537365
1.9832793840847205 2.0017659405472306
2.0294045138362593 2.042054039876774
2.0257215671549234 2.0523369638911744
2.030918241736474 2.0663774723401347
2.104125884830767 2.1077204861861727
2.121639818840529 2.128224502563449
2.107763544538814 2.129184983195402
2.0408026671933013 2.136811695102199
2.0922873919481946 2.175440864453521
2.174808666435155 2.185082409032003
2.1764881037570576 2.186081388132097
2.1882371347000307 2.189947480243357
2.185825684577094 2.190138320928137
2.1987329982477233 2.199680482336898
2.1734099756644394 2.2019854388570237
2.127798315755904 2.2048586439712157
2.2093511492418605 2.2121114634001464
2.206982866674711 2.220115731061117
2.2510676364200517 2.2640260763850653
2.2193237856647237 2.2832793840847208
2.272688242978501 2.293998061593375
2.3173057745168455 2.330918241736474
2.31770177427469 2.333815775945091
2.298394060179803 2.3498992647997143
2.3306068187078366 2.3559042272380015
2.3391482590763886 2.3621028772818895
2.361587033419809 2.375658237119688
2.3275749571161763 2.399231083891361
2.3942189831891834 2.4160941151126747
2.402355050219954 2.4286119306461957
2.430322450431653 2.4425189841425605
2.3301959075970005 2.4689076005674755
2.498732998247723 2.4996804823368977
2.473409975664439 2.502285729161479
2.477672969267321 2.5069828666747114
2.486530838476747 2.5093511492418608
2.4964196207510736 2.5100292913441886
2.4713282193391968 2.51854356549268
2.487583104155607 2.5374348109537364
2.533705113024995 2.56800586302602
2.6086713455884594 2.6275749571161766
2.6291162239239227 2.6294045138362594
2.6171529251507497 2.6301959075970003
2.584930519681735 2.637962737052152
2.659057600642984 2.6845536288519583
2.664919987130718 2.6942189831891836
2.665129846968883 2.706067112990441
2.6250627463464733 2.7216398188405293
2.716094115112675 2.7368116951021992
2.7029047707852505 2.748712538445659
2.7633464526097256 2.7689076005674758
2.7913572519349663 2.797136290048319
2.739951444231133 2.8048586439712153
2.901882125002253 2.9086713455884596
2.9198407122256356 2.933815775945091
3.004125884830767 3.007720486186173
3.0654757564418524 3.0667774690271528
2.974503949200055 3.074808666435155
3.020556032301479 3.0764881037570575
3.0860813881320968 3.0882371347000306
3.1400263771692902 3.1461813278027724
